371446
345399
79698
504840
550645
550460
542644
474786
525096
540158
381154
559199
548341
225766
324855
559938
264312
533267
294253
556901
500549
561854
213392
540339
441830
552664
99426
561690
493470
98617
297302
500177
514624
315521
450634
66573
551171
532419
557455
486746
564726
255018
545210
562709
22115
477470
483951
343233
560549
113826
560549
460455
561844
555224
566562
559305
550890
341460
544252
547775
538872
131995
458560
567860 -- sus
177446
566183
558285
567389
542864
63501
562479
286418
520042
549016
568084
471157
569639
350924
568375
551502
570408
522233
241262
488157
63501
569470
66057
368987
336132
561203
106101
541602
567509
431507
420465
542864
431507
567986
517408
220512
319547
571728
98126
520161
543694
576256
432907
498284
576048
92363
270682
400769
513565
486710
177541
126598
478309
577550
577825
447627
578241
57243
572639
494686
407976
571480
577613
577746
578402
569635
93297
404166
562982
335844
532894
4706
477279
579207
547749
580657
574894
471092
581025
568402
579806
567708
486376
551770
565604
425313
543714
582264
193555
561154
582446
218516
306854
256841
583769
576597
432146
549811
584588
467242
569337
584890
585915
329884
265024
390606
587482
192966
535088
511543
547741
543338
415005
580547
338736
109935
85072
585572
580620
411958
515159
543351
590833
590788
590926
222039
583667
554123
392585
395267
590687
521293
590717
465771
275713
252332
447210
592503
98639
541525
483512
401721
593494
357139
568567
290477
594913
160205
543295
370794
205273
356294
460676
595441
485151
590912
590913
592814
595842
593946
593674
561806
563647
468930
233214
412509
444334
577490
420608
273997
509642
598593
325957
128560
187430
476408
598804
220297
593992
180587
594465
594352
225080
548135
600315
462106
479494
245022
600629
600803
600801
438680
376251
520012
84007
24329
548507
560126
475883
460064
169450
325957
601892
493487
590970
504391
547590
507946
562982
600879
605287
459509
145267
604518
446761
78994
262677
606209
429539
239066
530708
145665
205811
358244
562867
63242
430927
276571
372681
